const float32_t a5[784] = //number of layers
0.        ,
0.        ,
0.        ,
0.        ,
0.        ,
0.        ,
0.        ,
0.        ,
0.        ,
0.        ,
0.        ,
0.        ,
0.        ,
0.        ,
0.        ,
0.        ,
0.        ,
0.        ,
0.        ,
0.        ,
0.        ,
0.        ,
0.        ,
0.        ,
0.        ,
0.        ,
0.        ,
0.        ,
0.        ,
0.        ,
0.        ,
0.        ,
0.        ,
0.        ,
0.        ,
0.        ,
0.        ,
0.        ,
0.        ,
0.        ,
0.        ,
0.        ,
0.        ,
0.        ,
0.        ,
0.        ,
0.        ,
0.        ,
0.        ,
0.        ,
0.        ,
0.        ,
0.        ,
0.        ,
0.        ,
0.        ,
0.        ,
0.        ,
0.        ,
0.        ,
0.        ,
0.        ,
0.        ,
0.        ,
0.        ,
0.        ,
0.        ,
0.        ,
0.        ,
0.        ,
0.        ,
0.        ,
0.        ,
0.        ,
0.        ,
0.        ,
0.        ,
0.        ,
0.        ,
0.        ,
0.        ,
0.        ,
0.        ,
0.        ,
0.        ,
0.        ,
0.        ,
0.        ,
0.        ,
0.        ,
0.        ,
0.        ,
0.        ,
0.        ,
0.        ,
0.        ,
0.        ,
0.        ,
0.        ,
0.        ,
0.        ,
0.        ,
0.        ,
0.        ,
0.        ,
0.        ,
0.        ,
0.        ,
0.        ,
0.        ,
0.        ,
0.        ,
0.        ,
0.        ,
0.        ,
0.        ,
0.        ,
0.        ,
0.        ,
0.        ,
0.        ,
0.        ,
0.        ,
0.        ,
0.1015625 ,
0.9375    ,
0.28125   ,
0.        ,
0.        ,
0.        ,
0.        ,
0.        ,
0.        ,
0.        ,
0.        ,
0.        ,
0.        ,
0.        ,
0.        ,
0.        ,
0.        ,
0.        ,
0.        ,
0.        ,
0.        ,
0.        ,
0.        ,
0.        ,
0.        ,
0.        ,
0.        ,
0.        ,
0.09765625,
0.9296875 ,
0.8125    ,
0.        ,
0.        ,
0.        ,
0.        ,
0.        ,
0.        ,
0.        ,
0.        ,
0.        ,
0.        ,
0.        ,
0.        ,
0.        ,
0.        ,
0.        ,
0.        ,
0.        ,
0.        ,
0.        ,
0.        ,
0.        ,
0.        ,
0.        ,
0.        ,
0.        ,
0.        ,
0.81640625,
0.8828125 ,
0.0546875 ,
0.        ,
0.        ,
0.        ,
0.        ,
0.        ,
0.        ,
0.        ,
0.        ,
0.        ,
0.        ,
0.        ,
0.        ,
0.        ,
0.        ,
0.        ,
0.        ,
0.        ,
0.        ,
0.        ,
0.        ,
0.        ,
0.        ,
0.        ,
0.        ,
0.        ,
0.81640625,
0.9921875 ,
0.16796875,
0.        ,
0.        ,
0.        ,
0.        ,
0.        ,
0.        ,
0.        ,
0.        ,
0.        ,
0.        ,
0.        ,
0.        ,
0.        ,
0.        ,
0.        ,
0.        ,
0.        ,
0.        ,
0.        ,
0.        ,
0.        ,
0.        ,
0.        ,
0.        ,
0.        ,
0.68359375,
0.9921875 ,
0.5       ,
0.        ,
0.        ,
0.        ,
0.        ,
0.        ,
0.        ,
0.        ,
0.        ,
0.        ,
0.        ,
0.        ,
0.        ,
0.        ,
0.        ,
0.        ,
0.        ,
0.        ,
0.        ,
0.        ,
0.        ,
0.        ,
0.        ,
0.        ,
0.        ,
0.        ,
0.24609375,
0.9921875 ,
0.796875  ,
0.        ,
0.        ,
0.        ,
0.        ,
0.        ,
0.        ,
0.        ,
0.        ,
0.        ,
0.        ,
0.        ,
0.        ,
0.        ,
0.        ,
0.        ,
0.        ,
0.        ,
0.        ,
0.        ,
0.        ,
0.        ,
0.        ,
0.        ,
0.        ,
0.        ,
0.41796875,
0.9921875 ,
0.796875  ,
0.        ,
0.        ,
0.        ,
0.        ,
0.        ,
0.        ,
0.        ,
0.        ,
0.        ,
0.        ,
0.        ,
0.        ,
0.        ,
0.        ,
0.        ,
0.        ,
0.        ,
0.        ,
0.        ,
0.        ,
0.        ,
0.        ,
0.        ,
0.        ,
0.        ,
0.34375   ,
0.9921875 ,
0.796875  ,
0.        ,
0.        ,
0.        ,
0.        ,
0.        ,
0.        ,
0.        ,
0.        ,
0.        ,
0.        ,
0.        ,
0.        ,
0.        ,
0.        ,
0.        ,
0.        ,
0.        ,
0.        ,
0.        ,
0.        ,
0.        ,
0.        ,
0.        ,
0.        ,
0.        ,
0.21484375,
0.9921875 ,
0.796875  ,
0.        ,
0.        ,
0.        ,
0.        ,
0.        ,
0.        ,
0.        ,
0.        ,
0.        ,
0.        ,
0.        ,
0.        ,
0.        ,
0.        ,
0.        ,
0.        ,
0.        ,
0.        ,
0.        ,
0.        ,
0.        ,
0.        ,
0.        ,
0.        ,
0.        ,
0.4921875 ,
0.9921875 ,
0.796875  ,
0.        ,
0.        ,
0.        ,
0.        ,
0.        ,
0.        ,
0.        ,
0.        ,
0.        ,
0.        ,
0.        ,
0.        ,
0.        ,
0.        ,
0.        ,
0.        ,
0.        ,
0.        ,
0.        ,
0.        ,
0.        ,
0.        ,
0.        ,
0.        ,
0.        ,
0.4921875 ,
0.9921875 ,
0.73828125,
0.        ,
0.        ,
0.        ,
0.        ,
0.        ,
0.        ,
0.        ,
0.        ,
0.        ,
0.        ,
0.        ,
0.        ,
0.        ,
0.        ,
0.        ,
0.        ,
0.        ,
0.        ,
0.        ,
0.        ,
0.        ,
0.        ,
0.        ,
0.        ,
0.        ,
0.66015625,
0.9921875 ,
0.47265625,
0.        ,
0.        ,
0.        ,
0.        ,
0.        ,
0.        ,
0.        ,
0.        ,
0.        ,
0.        ,
0.        ,
0.        ,
0.        ,
0.        ,
0.        ,
0.        ,
0.        ,
0.        ,
0.        ,
0.        ,
0.        ,
0.        ,
0.        ,
0.        ,
0.        ,
0.81640625,
0.9921875 ,
0.75390625,
0.        ,
0.        ,
0.        ,
0.        ,
0.        ,
0.        ,
0.        ,
0.        ,
0.        ,
0.        ,
0.        ,
0.        ,
0.        ,
0.        ,
0.        ,
0.        ,
0.        ,
0.        ,
0.        ,
0.        ,
0.        ,
0.        ,
0.        ,
0.        ,
0.        ,
0.81640625,
0.9921875 ,
0.43359375,
0.        ,
0.        ,
0.        ,
0.        ,
0.        ,
0.        ,
0.        ,
0.        ,
0.        ,
0.        ,
0.        ,
0.        ,
0.        ,
0.        ,
0.        ,
0.        ,
0.        ,
0.        ,
0.        ,
0.        ,
0.        ,
0.        ,
0.        ,
0.        ,
0.0859375 ,
0.91796875,
0.9921875 ,
0.14453125,
0.        ,
0.        ,
0.        ,
0.        ,
0.        ,
0.        ,
0.        ,
0.        ,
0.        ,
0.        ,
0.        ,
0.        ,
0.        ,
0.        ,
0.        ,
0.        ,
0.        ,
0.        ,
0.        ,
0.        ,
0.        ,
0.        ,
0.        ,
0.        ,
0.53515625,
0.9921875 ,
0.88671875,
0.0625    ,
0.        ,
0.        ,
0.        ,
0.        ,
0.        ,
0.        ,
0.        ,
0.        ,
0.        ,
0.        ,
0.        ,
0.        ,
0.        ,
0.        ,
0.        ,
0.        ,
0.        ,
0.        ,
0.        ,
0.        ,
0.        ,
0.        ,
0.        ,
0.        ,
0.80078125,
0.99609375,
0.72265625,
0.        ,
0.        ,
0.        ,
0.        ,
0.        ,
0.        ,
0.        ,
0.        ,
0.        ,
0.        ,
0.        ,
0.        ,
0.        ,
0.        ,
0.        ,
0.        ,
0.        ,
0.        ,
0.        ,
0.        ,
0.        ,
0.        ,
0.        ,
0.        ,
0.        ,
0.80078125,
0.9921875 ,
0.48828125,
0.        ,
0.        ,
0.        ,
0.        ,
0.        ,
0.        ,
0.        ,
0.        ,
0.        ,
0.        ,
0.        ,
0.        ,
0.        ,
0.        ,
0.        ,
0.        ,
0.        ,
0.        ,
0.        ,
0.        ,
0.        ,
0.        ,
0.        ,
0.        ,
0.        ,
0.80078125,
0.9921875 ,
0.48828125,
0.        ,
0.        ,
0.        ,
0.        ,
0.        ,
0.        ,
0.        ,
0.        ,
0.        ,
0.        ,
0.        ,
0.        ,
0.        ,
0.        ,
0.        ,
0.        ,
0.        ,
0.        ,
0.        ,
0.        ,
0.        ,
0.        ,
0.        ,
0.        ,
0.        ,
0.43359375,
0.828125  ,
0.16796875,
0.        ,
0.        ,
0.        ,
0.        ,
0.        ,
0.        ,
0.        ,
0.        ,
0.        ,
0.        ,
0.        ,
0.        ,
0.        ,
0.        ,
0.        ,
0.        ,
0.        ,
0.        ,
0.        ,
0.        ,
0.        ,
0.        ,
0.        ,
0.        ,
0.        ,
0.        ,
0.        ,
0.        ,
0.        ,
0.        ,
0.        ,
0.        ,
0.        ,
0.        ,
0.        ,
0.        ,
0.        ,
0.        ,
0.        ,
0.        ,
0.        ,
0.        ,
0.        ,
0.        ,
0.        ,
0.        ,
0.        ,
0.        ,
0.        ,
0.        ,
0.        ,
0.        ,
0.        ,
0.        ,
0.        ,
0.        ,
0.        ,
0.        ,
0.        ,
0.        ,
0.        ,
0.        ,
0.        ,
0.        ,
0.        ,
0.        ,
0.        ,
0.        ,
0.        ,
0.        ,
0.        ,
0.        ,
0.        ,
0.        ,
0.        ,
0.        ,
0.        ,
0.        ,
0.        ,
0.        ,
0.        ,
0.        ,
0.        ,
0.        ,
0.        ,
0.        ,
0.        ,
0.        ,
0.        ,
0.        ,
0.        ,
0.        ,
0.        ,
0.        ,
0.        ,
0.        ,
0.        ,
0.        ,
0.        ,
0.        ,
0.        ,
0.        ,
0.        ,
0.        ,
0.        ,
0.        ,
0.        ,
0.        ,
0.        ,
0.        ,
0.        ,
0.        ,
0.        ,
0.        ,
0.        ,
0.        ,
0.        ,
0.        ,
0.        ,
0.        ,
0.        ,
0.        ,
0.        ,
0.        ,
0.
};
