const float32_t a6[784] = //number of layers
{
0.        ,
0.        ,
0.        ,
0.        ,
0.        ,
0.        ,
0.        ,
0.        ,
0.        ,
0.        ,
0.        ,
0.        ,
0.        ,
0.        ,
0.        ,
0.        ,
0.        ,
0.        ,
0.        ,
0.        ,
0.        ,
0.        ,
0.        ,
0.        ,
0.        ,
0.        ,
0.        ,
0.        ,
0.        ,
0.        ,
0.        ,
0.        ,
0.        ,
0.        ,
0.        ,
0.        ,
0.        ,
0.        ,
0.        ,
0.        ,
0.        ,
0.        ,
0.        ,
0.        ,
0.        ,
0.        ,
0.        ,
0.        ,
0.        ,
0.        ,
0.        ,
0.        ,
0.        ,
0.        ,
0.        ,
0.        ,
0.        ,
0.        ,
0.        ,
0.        ,
0.        ,
0.        ,
0.        ,
0.        ,
0.        ,
0.        ,
0.        ,
0.        ,
0.        ,
0.        ,
0.        ,
0.        ,
0.        ,
0.        ,
0.        ,
0.        ,
0.        ,
0.        ,
0.        ,
0.        ,
0.        ,
0.        ,
0.        ,
0.        ,
0.        ,
0.        ,
0.        ,
0.        ,
0.        ,
0.        ,
0.        ,
0.        ,
0.        ,
0.        ,
0.03125   ,
0.3046875 ,
0.609375  ,
0.81640625,
0.64453125,
0.16796875,
0.04296875,
0.        ,
0.        ,
0.        ,
0.        ,
0.        ,
0.        ,
0.        ,
0.        ,
0.        ,
0.        ,
0.        ,
0.        ,
0.        ,
0.        ,
0.        ,
0.        ,
0.        ,
0.        ,
0.        ,
0.        ,
0.453125  ,
0.61328125,
0.984375  ,
0.984375  ,
0.984375  ,
0.984375  ,
0.98828125,
0.80078125,
0.19921875,
0.        ,
0.        ,
0.        ,
0.        ,
0.        ,
0.        ,
0.        ,
0.        ,
0.        ,
0.        ,
0.        ,
0.        ,
0.        ,
0.        ,
0.        ,
0.        ,
0.        ,
0.        ,
0.        ,
0.82421875,
0.98828125,
0.984375  ,
0.984375  ,
0.984375  ,
0.984375  ,
0.98828125,
0.984375  ,
0.87890625,
0.02734375,
0.        ,
0.        ,
0.        ,
0.        ,
0.        ,
0.        ,
0.        ,
0.        ,
0.        ,
0.        ,
0.        ,
0.        ,
0.        ,
0.        ,
0.        ,
0.        ,
0.        ,
0.        ,
0.82421875,
0.98828125,
0.984375  ,
0.984375  ,
0.984375  ,
0.984375  ,
0.88671875,
0.984375  ,
0.984375  ,
0.765625  ,
0.109375  ,
0.        ,
0.        ,
0.        ,
0.        ,
0.        ,
0.        ,
0.        ,
0.        ,
0.        ,
0.        ,
0.        ,
0.        ,
0.        ,
0.        ,
0.        ,
0.        ,
0.        ,
0.82421875,
0.98828125,
0.984375  ,
0.984375  ,
0.8828125 ,
0.23046875,
0.1640625 ,
0.7109375 ,
0.984375  ,
0.984375  ,
0.50390625,
0.        ,
0.        ,
0.        ,
0.        ,
0.        ,
0.        ,
0.        ,
0.        ,
0.        ,
0.        ,
0.        ,
0.        ,
0.        ,
0.        ,
0.        ,
0.        ,
0.        ,
0.828125  ,
0.9921875 ,
0.8671875 ,
0.4140625 ,
0.        ,
0.        ,
0.        ,
0.140625  ,
0.875     ,
0.98828125,
0.98828125,
0.2421875 ,
0.        ,
0.        ,
0.        ,
0.        ,
0.        ,
0.        ,
0.        ,
0.        ,
0.        ,
0.        ,
0.        ,
0.        ,
0.        ,
0.        ,
0.        ,
0.        ,
0.20703125,
0.24609375,
0.0625    ,
0.        ,
0.        ,
0.        ,
0.        ,
0.        ,
0.1875    ,
0.984375  ,
0.984375  ,
0.55078125,
0.        ,
0.        ,
0.        ,
0.        ,
0.        ,
0.        ,
0.        ,
0.        ,
0.        ,
0.        ,
0.        ,
0.        ,
0.        ,
0.        ,
0.        ,
0.        ,
0.        ,
0.        ,
0.        ,
0.        ,
0.        ,
0.        ,
0.        ,
0.        ,
0.04296875,
0.8203125 ,
0.984375  ,
0.83984375,
0.0234375 ,
0.        ,
0.        ,
0.        ,
0.        ,
0.        ,
0.        ,
0.        ,
0.        ,
0.        ,
0.        ,
0.        ,
0.        ,
0.        ,
0.        ,
0.        ,
0.        ,
0.        ,
0.        ,
0.        ,
0.        ,
0.        ,
0.        ,
0.        ,
0.        ,
0.38671875,
0.984375  ,
0.98828125,
0.24609375,
0.        ,
0.        ,
0.        ,
0.        ,
0.        ,
0.        ,
0.        ,
0.        ,
0.        ,
0.        ,
0.        ,
0.        ,
0.        ,
0.        ,
0.        ,
0.        ,
0.        ,
0.        ,
0.        ,
0.        ,
0.        ,
0.        ,
0.        ,
0.        ,
0.04296875,
0.8515625 ,
0.98828125,
0.24609375,
0.        ,
0.        ,
0.        ,
0.        ,
0.        ,
0.        ,
0.        ,
0.        ,
0.        ,
0.        ,
0.        ,
0.        ,
0.        ,
0.        ,
0.        ,
0.        ,
0.        ,
0.        ,
0.        ,
0.        ,
0.        ,
0.        ,
0.        ,
0.        ,
0.        ,
0.828125  ,
0.99609375,
0.24609375,
0.        ,
0.        ,
0.        ,
0.        ,
0.        ,
0.        ,
0.        ,
0.        ,
0.        ,
0.        ,
0.        ,
0.        ,
0.        ,
0.        ,
0.        ,
0.        ,
0.05859375,
0.33203125,
0.33203125,
0.33203125,
0.33203125,
0.33203125,
0.22265625,
0.        ,
0.        ,
0.82421875,
0.98828125,
0.41796875,
0.        ,
0.        ,
0.        ,
0.        ,
0.        ,
0.        ,
0.        ,
0.        ,
0.        ,
0.        ,
0.        ,
0.        ,
0.        ,
0.0078125 ,
0.359375  ,
0.49609375,
0.75      ,
0.984375  ,
0.984375  ,
0.984375  ,
0.984375  ,
0.98828125,
0.9609375 ,
0.90625   ,
0.90625   ,
0.97265625,
0.98828125,
0.24609375,
0.        ,
0.        ,
0.        ,
0.        ,
0.        ,
0.        ,
0.        ,
0.        ,
0.        ,
0.        ,
0.        ,
0.        ,
0.        ,
0.359375  ,
0.984375  ,
0.984375  ,
0.98828125,
0.984375  ,
0.984375  ,
0.984375  ,
0.984375  ,
0.98828125,
0.984375  ,
0.984375  ,
0.984375  ,
0.984375  ,
0.98828125,
0.51953125,
0.        ,
0.        ,
0.        ,
0.        ,
0.        ,
0.        ,
0.        ,
0.        ,
0.        ,
0.        ,
0.        ,
0.        ,
0.        ,
0.83984375,
0.984375  ,
0.984375  ,
0.98828125,
0.984375  ,
0.984375  ,
0.984375  ,
0.984375  ,
0.98828125,
0.984375  ,
0.984375  ,
0.984375  ,
0.984375  ,
0.98828125,
0.79296875,
0.03515625,
0.        ,
0.        ,
0.        ,
0.        ,
0.        ,
0.        ,
0.        ,
0.        ,
0.        ,
0.        ,
0.        ,
0.33203125,
0.98828125,
0.98828125,
0.98828125,
0.7578125 ,
0.4140625 ,
0.20703125,
0.        ,
0.        ,
0.2421875 ,
0.46875   ,
0.609375  ,
0.98828125,
0.98828125,
0.99609375,
0.98828125,
0.734375  ,
0.        ,
0.        ,
0.        ,
0.        ,
0.        ,
0.        ,
0.        ,
0.        ,
0.        ,
0.        ,
0.        ,
0.33203125,
0.984375  ,
0.984375  ,
0.984375  ,
0.50390625,
0.22265625,
0.27734375,
0.        ,
0.27734375,
0.5703125 ,
0.82421875,
0.984375  ,
0.984375  ,
0.984375  ,
0.625     ,
0.90234375,
0.90234375,
0.        ,
0.        ,
0.        ,
0.        ,
0.        ,
0.        ,
0.        ,
0.        ,
0.        ,
0.        ,
0.        ,
0.33203125,
0.984375  ,
0.984375  ,
0.984375  ,
0.98828125,
0.9609375 ,
0.97265625,
0.90625   ,
0.97265625,
0.98828125,
0.984375  ,
0.984375  ,
0.984375  ,
0.953125  ,
0.20703125,
0.19921875,
0.28125   ,
0.        ,
0.        ,
0.        ,
0.        ,
0.        ,
0.        ,
0.        ,
0.        ,
0.        ,
0.        ,
0.        ,
0.25      ,
0.96484375,
0.984375  ,
0.984375  ,
0.98828125,
0.984375  ,
0.984375  ,
0.984375  ,
0.984375  ,
0.98828125,
0.984375  ,
0.984375  ,
0.921875  ,
0.2578125 ,
0.        ,
0.        ,
0.        ,
0.        ,
0.        ,
0.        ,
0.        ,
0.        ,
0.        ,
0.        ,
0.        ,
0.        ,
0.        ,
0.        ,
0.        ,
0.21875   ,
0.984375  ,
0.984375  ,
0.98828125,
0.984375  ,
0.984375  ,
0.984375  ,
0.984375  ,
0.98828125,
0.984375  ,
0.91796875,
0.12109375,
0.        ,
0.        ,
0.        ,
0.        ,
0.        ,
0.        ,
0.        ,
0.        ,
0.        ,
0.        ,
0.        ,
0.        ,
0.        ,
0.        ,
0.        ,
0.        ,
0.        ,
0.        ,
0.        ,
0.        ,
0.        ,
0.        ,
0.        ,
0.        ,
0.        ,
0.        ,
0.        ,
0.        ,
0.        ,
0.        ,
0.        ,
0.        ,
0.        ,
0.        ,
0.        ,
0.        ,
0.        ,
0.        ,
0.        ,
0.        ,
0.        ,
0.        ,
0.        ,
0.        ,
0.        ,
0.        ,
0.        ,
0.        ,
0.        ,
0.        ,
0.        ,
0.        ,
0.        ,
0.        ,
0.        ,
0.        ,
0.        ,
0.        ,
0.        ,
0.        ,
0.        ,
0.        ,
0.        ,
0.        ,
0.        ,
0.        ,
0.        ,
0.        ,
0.        ,
0.        ,
0.        ,
0.        ,
0.        ,
0.        ,
0.        ,
0.        ,
0.        ,
0.        ,
0.        ,
0.        ,
0.        ,
0.        ,
0.        ,
0.        ,
0.        ,
0.        ,
0.        ,
0.        ,
0.        ,
0.        ,
0.        ,
0.        ,
0.        ,
0.        ,
0.        ,
0.        ,
0.        ,
0.        ,
0.        ,
0.        ,
0.        ,
0.        ,
0.        ,
0.        ,
0.        ,
0.        ,
0.        ,
0.        ,
0.        ,
0.        ,
0.        ,
0.        ,
0.        ,
0.        ,
0.        ,
0.        ,
0.        ,
0.        ,
0.        ,
0.        ,
0.        ,
0.        ,
0.        ,
0.        ,
0.        ,
0.        ,
0.        ,
0.        ,
0.        ,
0.        ,
0.        ,
0.        ,
0.        ,
0.        ,
0.        ,
0.        ,
0.        ,
0.        ,
0.        ,
0.        ,
0.        ,
0.        ,
0.        ,
0.        ,
0.        ,
0.        ,
0.        ,
0.        ,
0.        ,[0.        ]
0.        ,
0.        ,
0.        ,
0.        ,
0.        ,
0.        ,
0.        ,
0.        ,
0.        ,
0.        ,
0.        ,
0.        ,
0.        ,
0.        ,
0.        ,
0.        ,
0.        ,
0.        ,
0.        ,
0.        ,
0.        ,
0.        ,
0.        ,
0.        ,
0.        ,
0.        ,
0.        ,
0.        ,
0.        ,
0.        ,
0.        ,
0.        ,
0.        ,
0.        ,
0.        ,
0.        ,
0.        ,
0.        ,
0.        ,
0.        ,
0.        ,
0.        ,
0.        ,
0.        ,
0.        ,
0.        ,
0.        ,
0.        ,
0.        ,
0.        ,
0.        ,
0.        ,
0.        ,
0.        ,
0.        ,
0.        ,
0.        ,
0.        ,
0.        ,
0.        ,
0.        ,
0.        ,
0.        ,
0.        ,
0.        ,
0.        ,
0.        ,
0.        ,
0.        ,
0.        ,
0.        ,
0.        ,
0.        ,
0.        ,
0.        ,
0.        ,
0.        ,
0.        ,
0.        ,
0.        ,
0.        ,
0.        ,
0.        ,
0.        ,
0.        ,
0.        ,
0.        ,
0.        ,
0.        ,
0.        ,
0.        ,
0.        ,
0.        ,
0.        ,
0.        ,
0.        ,
0.        ,
0.        ,
0.        ,
0.        ,
0.        ,
0.        ,
0.        ,
0.        ,
0.        ,
0.        ,
0.        ,
0.        ,
0.        ,
0.        ,
0.        ,
0.        ,
0.        ,
0.        ,
0.        ,
0.        ,
0.        ,
0.        ,
0.        ,
0.        ,
0.        ,
0.        ,
0.        ,
0.1015625 ,
0.9375    ,
0.28125   ,
0.        ,
0.        ,
0.        ,
0.        ,
0.        ,
0.        ,
0.        ,
0.        ,
0.        ,
0.        ,
0.        ,
0.        ,
0.        ,
0.        ,
0.        ,
0.        ,
0.        ,
0.        ,
0.        ,
0.        ,
0.        ,
0.        ,
0.        ,
0.        ,
0.        ,
0.09765625,
0.9296875 ,
0.8125    ,
0.        ,
0.        ,
0.        ,
0.        ,
0.        ,
0.        ,
0.        ,
0.        ,
0.        ,
0.        ,
0.        ,
0.        ,
0.        ,
0.        ,
0.        ,
0.        ,
0.        ,
0.        ,
0.        ,
0.        ,
0.        ,
0.        ,
0.        ,
0.        ,
0.        ,
0.        ,
0.81640625,
0.8828125 ,
0.0546875 ,
0.        ,
0.        ,
0.        ,
0.        ,
0.        ,
0.        ,
0.        ,
0.        ,
0.        ,
0.        ,
0.        ,
0.        ,
0.        ,
0.        ,
0.        ,
0.        ,
0.        ,
0.        ,
0.        ,
0.        ,
0.        ,
0.        ,
0.        ,
0.        ,
0.        ,
0.81640625,
0.9921875 ,
0.16796875,
0.        ,
0.        ,
0.        ,
0.        ,
0.        ,
0.        ,
0.        ,
0.        ,
0.        ,
0.        ,
0.        ,
0.        ,
0.        ,
0.        ,
0.        ,
0.        ,
0.        ,
0.        ,
0.        ,
0.        ,
0.        ,
0.        ,
0.        ,
0.        ,
0.        ,
0.68359375,
0.9921875 ,
0.5       ,
0.        ,
0.        ,
0.        ,
0.        ,
0.        ,
0.        ,
0.        ,
0.        ,
0.        ,
0.        ,
0.        ,
0.        ,
0.        ,
0.        ,
0.        ,
0.        ,
0.        ,
0.        ,
0.        ,
0.        ,
0.        ,
0.        ,
0.        ,
0.        ,
0.        ,
0.24609375,
0.9921875 ,
0.796875  ,
0.        ,
0.        ,
0.        ,
0.        ,
0.        ,
0.        ,
0.        ,
0.        ,
0.        ,
0.        ,
0.        ,
0.        ,
0.        ,
0.        ,
0.        ,
0.        ,
0.        ,
0.        ,
0.        ,
0.        ,
0.        ,
0.        ,
0.        ,
0.        ,
0.        ,
0.41796875,
0.9921875 ,
0.796875  ,
0.        ,
0.        ,
0.        ,
0.        ,
0.        ,
0.        ,
0.        ,
0.        ,
0.        ,
0.        ,
0.        ,
0.        ,
0.        ,
0.        ,
0.        ,
0.        ,
0.        ,
0.        ,
0.        ,
0.        ,
0.        ,
0.        ,
0.        ,
0.        ,
0.        ,
0.34375   ,
0.9921875 ,
0.796875  ,
0.        ,
0.        ,
0.        ,
0.        ,
0.        ,
0.        ,
0.        ,
0.        ,
0.        ,
0.        ,
0.        ,
0.        ,
0.        ,
0.        ,
0.        ,
0.        ,
0.        ,
0.        ,
0.        ,
0.        ,
0.        ,
0.        ,
0.        ,
0.        ,
0.        ,
0.21484375,
0.9921875 ,
0.796875  ,
0.        ,
0.        ,
0.        ,
0.        ,
0.        ,
0.        ,
0.        ,
0.        ,
0.        ,
0.        ,
0.        ,
0.        ,
0.        ,
0.        ,
0.        ,
0.        ,
0.        ,
0.        ,
0.        ,
0.        ,
0.        ,
0.        ,
0.        ,
0.        ,
0.        ,
0.4921875 ,
0.9921875 ,
0.796875  ,
0.        ,
0.        ,
0.        ,
0.        ,
0.        ,
0.        ,
0.        ,
0.        ,
0.        ,
0.        ,
0.        ,
0.        ,
0.        ,
0.        ,
0.        ,
0.        ,
0.        ,
0.        ,
0.        ,
0.        ,
0.        ,
0.        ,
0.        ,
0.        ,
0.        ,
0.4921875 ,
0.9921875 ,
0.73828125,
0.        ,
0.        ,
0.        ,
0.        ,
0.        ,
0.        ,
0.        ,
0.        ,
0.        ,
0.        ,
0.        ,
0.        ,
0.        ,
0.        ,
0.        ,
0.        ,
0.        ,
0.        ,
0.        ,
0.        ,
0.        ,
0.        ,
0.        ,
0.        ,
0.        ,
0.66015625,
0.9921875 ,
0.47265625,
0.        ,
0.        ,
0.        ,
0.        ,
0.        ,
0.        ,
0.        ,
0.        ,
0.        ,
0.        ,
0.        ,
0.        ,
0.        ,
0.        ,
0.        ,
0.        ,
0.        ,
0.        ,
0.        ,
0.        ,
0.        ,
0.        ,
0.        ,
0.        ,
0.        ,
0.81640625,
0.9921875 ,
0.75390625,
0.        ,
0.        ,
0.        ,
0.        ,
0.        ,
0.        ,
0.        ,
0.        ,
0.        ,
0.        ,
0.        ,
0.        ,
0.        ,
0.        ,
0.        ,
0.        ,
0.        ,
0.        ,
0.        ,
0.        ,
0.        ,
0.        ,
0.        ,
0.        ,
0.        ,
0.81640625,
0.9921875 ,
0.43359375,
0.        ,
0.        ,
0.        ,
0.        ,
0.        ,
0.        ,
0.        ,
0.        ,
0.        ,
0.        ,
0.        ,
0.        ,
0.        ,
0.        ,
0.        ,
0.        ,
0.        ,
0.        ,
0.        ,
0.        ,
0.        ,
0.        ,
0.        ,
0.        ,
0.0859375 ,
0.91796875,
0.9921875 ,
0.14453125,
0.        ,
0.        ,
0.        ,
0.        ,
0.        ,
0.        ,
0.        ,
0.        ,
0.        ,
0.        ,
0.        ,
0.        ,
0.        ,
0.        ,
0.        ,
0.        ,
0.        ,
0.        ,
0.        ,
0.        ,
0.        ,
0.        ,
0.        ,
0.        ,
0.53515625,
0.9921875 ,
0.88671875,
0.0625    ,
0.        ,
0.        ,
0.        ,
0.        ,
0.        ,
0.        ,
0.        ,
0.        ,
0.        ,
0.        ,
0.        ,
0.        ,
0.        ,
0.        ,
0.        ,
0.        ,
0.        ,
0.        ,
0.        ,
0.        ,
0.        ,
0.        ,
0.        ,
0.        ,
0.80078125,
0.99609375,
0.72265625,
0.        ,
0.        ,
0.        ,
0.        ,
0.        ,
0.        ,
0.        ,
0.        ,
0.        ,
0.        ,
0.        ,
0.        ,
0.        ,
0.        ,
0.        ,
0.        ,
0.        ,
0.        ,
0.        ,
0.        ,
0.        ,
0.        ,
0.        ,
0.        ,
0.        ,
0.80078125,
0.9921875 ,
0.48828125,
0.        ,
0.        ,
0.        ,
0.        ,
0.        ,
0.        ,
0.        ,
0.        ,
0.        ,
0.        ,
0.        ,
0.        ,
0.        ,
0.        ,
0.        ,
0.        ,
0.        ,
0.        ,
0.        ,
0.        ,
0.        ,
0.        ,
0.        ,
0.        ,
0.        ,
0.80078125,
0.9921875 ,
0.48828125,
0.        ,
0.        ,
0.        ,
0.        ,
0.        ,
0.        ,
0.        ,
0.        ,
0.        ,
0.        ,
0.        ,
0.        ,
0.        ,
0.        ,
0.        ,
0.        ,
0.        ,
0.        ,
0.        ,
0.        ,
0.        ,
0.        ,
0.        ,
0.        ,
0.        ,
0.43359375,
0.828125  ,
0.16796875,
0.        ,
0.        ,
0.        ,
0.        ,
0.        ,
0.        ,
0.        ,
0.        ,
0.        ,
0.        ,
0.        ,
0.        ,
0.        ,
0.        ,
0.        ,
0.        ,
0.        ,
0.        ,
0.        ,
0.        ,
0.        ,
0.        ,
0.        ,
0.        ,
0.        ,
0.        ,
0.        ,
0.        ,
0.        ,
0.        ,
0.        ,
0.        ,
0.        ,
0.        ,
0.        ,
0.        ,
0.        ,
0.        ,
0.        ,
0.        ,
0.        ,
0.        ,
0.        ,
0.        ,
0.        ,
0.        ,
0.        ,
0.        ,
0.        ,
0.        ,
0.        ,
0.        ,
0.        ,
0.        ,
0.        ,
0.        ,
0.        ,
0.        ,
0.        ,
0.        ,
0.        ,
0.        ,
0.        ,
0.        ,
0.        ,
0.        ,
0.        ,
0.        ,
0.        ,
0.        ,
0.        ,
0.        ,
0.        ,
0.        ,
0.        ,
0.        ,
0.        ,
0.        ,
0.        ,
0.        ,
0.        ,
0.        ,
0.        ,
0.        ,
0.        ,
0.        ,
0.        ,
0.        ,
0.        ,
0.        ,
0.        ,
0.        ,
0.        ,
0.        ,
0.        ,
0.        ,
0.        ,
0.        ,
0.        ,
0.        ,
0.        ,
0.        ,
0.        ,
0.        ,
0.        ,
0.        ,
0.        ,
0.        ,
0.        ,
0.        ,
0.        ,
0.        ,
0.        ,
0.        ,
0.        ,
0.        ,
0.        ,
0.        ,
0.        ,
0.        ,
0.        ,
0.        ,
0.        ,
0.        ,
0.    
}
