 0.        , 0.        , 0.        , 0.        , 0.        , 0.        , 0.        , 0.        , 0.        , 0.        , 0.        , 0.        , 0.        , 0.        , 0.        , 0.        , 0.        , 0.        , 0.        , 0.        , 0.        , 0.        , 0.        , 0.        , 0.        , 0.        , 0.        , 0.        ,
 0.        , 0.        , 0.        , 0.        , 0.        , 0.        , 0.        , 0.        , 0.        , 0.        , 0.        , 0.        , 0.        , 0.        , 0.        , 0.        , 0.        , 0.        , 0.        , 0.        , 0.        , 0.        , 0.        , 0.        , 0.        , 0.        , 0.        , 0.        ,
 0.        , 0.        , 0.        , 0.        , 0.        , 0.        , 0.        , 0.        , 0.        , 0.        , 0.        , 0.        , 0.        , 0.        , 0.        , 0.        , 0.        , 0.        , 0.        , 0.        , 0.        , 0.        , 0.        , 0.        , 0.        , 0.        , 0.        , 0.        ,
 0.        , 0.        , 0.        , 0.        , 0.        , 0.        , 0.        , 0.        , 0.        , 0.        , 0.        , 0.        , 0.        , 0.        , 0.        , 0.        , 0.        , 0.        , 0.        , 0.        , 0.        , 0.        , 0.        , 0.        , 0.        , 0.        , 0.        , 0.        ,
 0.        , 0.        , 0.        , 0.        , 0.        , 0.        , 0.        , 0.        , 0.        , 0.        , 0.        , 0.        , 0.        , 0.        , 0.        , 0.        , 0.        , 0.        , 0.        , 0.        , 0.        , 0.        , 0.        , 0.        , 0.        , 0.        , 0.        , 0.        ,
 0.        , 0.        , 0.        , 0.        , 0.        , 0.        , 0.        , 0.        , 0.        , 0.        , 0.        , 0.        , 0.        , 0.        , 0.        , 0.        , 0.        , 0.        , 0.        , 0.        , 0.        , 0.        , 0.        , 0.        , 0.        , 0.        , 0.        , 0.        ,
 0.        , 0.        , 0.        , 0.        , 0.        , 0.        , 0.        , 0.        , 0.        , 0.        , 0.        , 0.        , 0.        , 0.        , 0.        , 0.        , 0.        , 0.        , 0.        , 0.        , 0.        , 0.        , 0.        , 0.        , 0.        , 0.        , 0.        , 0.        ,
 0.        , 0.        , 0.        , 0.        , 0.        , 0.        , 0.328125  , 0.72265625, 0.62109375, 0.58984375, 0.234375  , 0.140625  , 0.        , 0.        , 0.        , 0.        , 0.        , 0.        , 0.        , 0.        , 0.        , 0.        , 0.        , 0.        , 0.        , 0.        , 0.        , 0.        ,
 0.        , 0.        , 0.        , 0.        , 0.        , 0.        , 0.8671875 , 0.9921875 , 0.9921875 , 0.9921875 , 0.9921875 , 0.94140625, 0.7734375 , 0.7734375 , 0.7734375 , 0.7734375 , 0.7734375 , 0.7734375 , 0.7734375 , 0.7734375 , 0.6640625 , 0.203125  , 0.        , 0.        , 0.        , 0.        , 0.        , 0.        ,
 0.        , 0.        , 0.        , 0.        , 0.        , 0.        , 0.26171875, 0.4453125 , 0.28125   , 0.4453125 , 0.63671875, 0.88671875, 0.9921875 , 0.87890625, 0.9921875 , 0.9921875 , 0.9921875 , 0.9765625 , 0.89453125, 0.9921875 , 0.9921875 , 0.546875  , 0.        , 0.        , 0.        , 0.        , 0.        , 0.        ,
 0.        , 0.        , 0.        , 0.        , 0.        , 0.        , 0.        , 0.        , 0.        , 0.        , 0.        , 0.06640625, 0.2578125 , 0.0546875 , 0.26171875, 0.26171875, 0.26171875, 0.23046875, 0.08203125, 0.921875  , 0.9921875 , 0.4140625 , 0.        , 0.        , 0.        , 0.        , 0.        , 0.        ,
 0.        , 0.        , 0.        , 0.        , 0.        , 0.        , 0.        , 0.        , 0.        , 0.        , 0.        , 0.        , 0.        , 0.        , 0.        , 0.        , 0.        , 0.        , 0.32421875, 0.98828125, 0.81640625, 0.0703125 , 0.        , 0.        , 0.        , 0.        , 0.        , 0.        ,
 0.        , 0.        , 0.        , 0.        , 0.        , 0.        , 0.        , 0.        , 0.        , 0.        , 0.        , 0.        , 0.        , 0.        , 0.        , 0.        , 0.        , 0.0859375 , 0.91015625, 0.99609375, 0.32421875, 0.        , 0.        , 0.        , 0.        , 0.        , 0.        , 0.        ,
 0.        , 0.        , 0.        , 0.        , 0.        , 0.        , 0.        , 0.        , 0.        , 0.        , 0.        , 0.        , 0.        , 0.        , 0.        , 0.        , 0.        , 0.50390625, 0.9921875 , 0.9296875 , 0.171875  , 0.        , 0.        , 0.        , 0.        , 0.        , 0.        , 0.        ,
 0.        , 0.        , 0.        , 0.        , 0.        , 0.        , 0.        , 0.        , 0.        , 0.        , 0.        , 0.        , 0.        , 0.        , 0.        , 0.        , 0.23046875, 0.97265625, 0.9921875 , 0.2421875 , 0.        , 0.        , 0.        , 0.        , 0.        , 0.        , 0.        , 0.        ,
 0.        , 0.        , 0.        , 0.        , 0.        , 0.        , 0.        , 0.        , 0.        , 0.        , 0.        , 0.        , 0.        , 0.        , 0.        , 0.        , 0.51953125, 0.9921875 , 0.73046875, 0.01953125, 0.        , 0.        , 0.        , 0.        , 0.        , 0.        , 0.        , 0.        ,
 0.        , 0.        , 0.        , 0.        , 0.        , 0.        , 0.        , 0.        , 0.        , 0.        , 0.        , 0.        , 0.        , 0.        , 0.        , 0.03515625, 0.80078125, 0.96875   , 0.2265625 , 0.        , 0.        , 0.        , 0.        , 0.        , 0.        , 0.        , 0.        , 0.        ,
 0.        , 0.        , 0.        , 0.        , 0.        , 0.        , 0.        , 0.        , 0.        , 0.        , 0.        , 0.        , 0.        , 0.        , 0.        , 0.4921875 , 0.9921875 , 0.7109375 , 0.        , 0.        , 0.        , 0.        , 0.        , 0.        , 0.        , 0.        , 0.        , 0.        ,
 0.        , 0.        , 0.        , 0.        , 0.        , 0.        , 0.        , 0.        , 0.        , 0.        , 0.        , 0.        , 0.        , 0.        , 0.29296875, 0.98046875, 0.9375    , 0.22265625, 0.        , 0.        , 0.        , 0.        , 0.        , 0.        , 0.        , 0.        , 0.        , 0.        ,
 0.        , 0.        , 0.        , 0.        , 0.        , 0.        , 0.        , 0.        , 0.        , 0.        , 0.        , 0.        , 0.        , 0.07421875, 0.86328125, 0.9921875 , 0.6484375 , 0.        , 0.        , 0.        , 0.        , 0.        , 0.        , 0.        , 0.        , 0.        , 0.        , 0.        ,
 0.        , 0.        , 0.        , 0.        , 0.        , 0.        , 0.        , 0.        , 0.        , 0.        , 0.        , 0.        , 0.01171875, 0.79296875, 0.9921875 , 0.85546875, 0.13671875, 0.        , 0.        , 0.        , 0.        , 0.        , 0.        , 0.        , 0.        , 0.        , 0.        , 0.        ,
 0.        , 0.        , 0.        , 0.        , 0.        , 0.        , 0.        , 0.        , 0.        , 0.        , 0.        , 0.        , 0.1484375 , 0.9921875 , 0.9921875 , 0.30078125, 0.        , 0.        , 0.        , 0.        , 0.        , 0.        , 0.        , 0.        , 0.        , 0.        , 0.        , 0.        ,
 0.        , 0.        , 0.        , 0.        , 0.        , 0.        , 0.        , 0.        , 0.        , 0.        , 0.        , 0.12109375, 0.875     , 0.9921875 , 0.44921875, 0.00390625, 0.        , 0.        , 0.        , 0.        , 0.        , 0.        , 0.        , 0.        , 0.        , 0.        , 0.        , 0.        ,
 0.        , 0.        , 0.        , 0.        , 0.        , 0.        , 0.        , 0.        , 0.        , 0.        , 0.        , 0.51953125, 0.9921875 , 0.9921875 , 0.203125  , 0.        , 0.        , 0.        , 0.        , 0.        , 0.        , 0.        , 0.        , 0.        , 0.        , 0.        , 0.        , 0.        ,
 0.        , 0.        , 0.        , 0.        , 0.        , 0.        , 0.        , 0.        , 0.        , 0.        , 0.23828125, 0.9453125 , 0.9921875 , 0.9921875 , 0.203125  , 0.        , 0.        , 0.        , 0.        , 0.        , 0.        , 0.        , 0.        , 0.        , 0.        , 0.        , 0.        , 0.        ,
 0.        , 0.        , 0.        , 0.        , 0.        , 0.        , 0.        , 0.        , 0.        , 0.        , 0.47265625, 0.9921875 , 0.9921875 , 0.85546875, 0.15625   , 0.        , 0.        , 0.        , 0.        , 0.        , 0.        , 0.        , 0.        , 0.        , 0.        , 0.        , 0.        , 0.        ,
 0.        , 0.        , 0.        , 0.        , 0.        , 0.        , 0.        , 0.        , 0.        , 0.        , 0.47265625, 0.9921875 , 0.80859375, 0.0703125 , 0.        , 0.        , 0.        , 0.        , 0.        , 0.        , 0.        , 0.        , 0.        , 0.        , 0.        , 0.        , 0.        , 0.        ,
 0.        , 0.        , 0.        , 0.        , 0.        , 0.        , 0.        , 0.        , 0.        , 0.        , 0.        , 0.        , 0.        , 0.        , 0.        , 0.        , 0.        , 0.        , 0.        , 0.        , 0.        , 0.        , 0.        , 0.        , 0.        , 0.        , 0.        , 0.        

   -2.37455925e-01, -5.80537167e-01, -4.80425689e-01, -4.27965985e-01, -4.83367146e-01,
   -2.05816895e-01, -3.62262233e-01, -4.37288917e-01, -4.34106165e-01, -5.57541011e-01,
   -2.48407289e-02, -8.48180488e-02, -2.78832002e-01, -2.02177777e-02, -9.84258423e-02,
    4.82389333e-01,  3.74820424e-01,  4.82011680e-01,  3.95745628e-01,  3.16725382e-01,
    5.32900610e-01,  6.24504467e-01,  3.95761447e-01,  3.42501468e-01,  3.05749537e-01,
